286997345
25733408
549763471
564048383
314014263
354991856
428795259
809418287
31742958
445960724
762691008
689554030
878018565
898727673
673156606
339468564
527617294
791892378
822278783
944955511
658708100
924400013
746739145
674788449
814335340
307910016
859500423
501402681
316332647
528197292
817721569
333974387
93490645
335198016
720818761
779213905
879963718
108626125
576546247
549025373
504066717
346812341
606759566
185343002
929912128
971402806
288590015
768738673
522514716
863754694
793149222
699197799
573077073
259791570
837996086
95826372
333578594
860680736
880963419
757589305
447124648
233929596
523716671
556251233
908722661
265989273
307905676
280708143
66856741
455419521
738557387
438919133
505916694
239109849
591632755
11837228
590048717
901869739
243022532
48595624
860302092
863263785
210219555
177977448
672234416
695166277
972571425
218211489
242904251
518337072
464094747
602347442
166294646
503390184
469269083
658504130
554956083
220550951
396689321
918346941
914000244
230049779
203721769
584724947
379785363
537425829
45058136
374289983
36876249
121855249
196515792
346178636
304066004
719005972
734315105
160297488
287841148
795640111
980551852
947693086
447003017
632373335
788090585
615291042
799802210
273855276
696030482
152940057
16569058
233848008
270902351
364026139
69491787
519402733
666096598
445435767
381931557
387239891
202164182
571381450
536385678
205773244
771984587
431920342
401181752
421318982
825710615
72867889
347251215
246147169
859127055
187840797
238174657
306742462
146353948
584534188
631114564
58379489
183270143
312104291
1174574
402552591
663508816
92276806
626935729
456239694
213061596
784140989
387486536
840483504
663979528
346588150
617202866
583804676
222021023
262366860
211513731
613160711
678033341
826703841
797681806
485101799
902095319
89420129
583280346
297351005
913879009
727652731
78901801
834540628
522123854
420712046
51046037
697293453
332281276
939219684
291873558
741388430
366146777
547445692
4186854
650179312
6307003
5847716
159538849
624815458
70956710
570386640
935221259
515562471
720014735
883475410
923125520
407670334
315475532
82338887
94095369
212805467
956882404
545840223
390392178
413149976
305221120
463854070
786590819
962971480
383605121
590813407
570073700
358921844
50801914
626589638
981031389
932810560
61963612
518414234
849637267
55619404
743964531
904186577
963756116
855763232
243777410
969641451
732405347
883212067
230151548
193284280
824364471
70030187
700152776
57952298
903402373
602940532
652774501
147077169
121037500
875072776
959788647
482753837
253813412
834766764
571817723
516651501
249380750
673015022
254230230
80294012
812007542
498164512
836002749
118388606
715566190
816290632
890077807
400857551
79406720
916730243
16676125
458314118
504633860
334567262
96997241
428611540
482754016
730226939
462023538
557897964
540252474
895497951
985641706
38861485
416674689
962640181
794587132
45642310
88319548
131335710
294435485
71810339
706449091
48715920
356196255
343844260
898797458
502623652
445594320
959083144
243719299
369467717
92317716
338091705
167302147
854165856
756418186
138292669
470461747
429355932
846615755
392552090
68914216
970237031
419251899
753581641
560036943
704256501
250941196
180239560
608403522
232606524
59658735
682665581
259349921
110977725
84694125
101891085
829311570
148822369
760262153
204204190
494774512
764000345
213611333
443498614
628625117
784533415
391739998
316235250
319100204
331296578
708197633
55608776
465085664
652982460
134628917
708360116
8122973
231965780
367800631
466870653
851235610
205207945
168185422
671647006
40437445
876065164
645201520
804208799
706519912
424128359
366963458
922924228
134986844
857250211
795290133
544899596
670113911
480012683
950677331
601618940
676730382
652805748
277756881
270503128
74863921
883051829
600768576
850005285
815277884
387569142
506604879
352237229
15717395
13388571
271498088
911169972
146945487
238591360
263905098
451653606
628381470
279163154
156423515
889513215
340435294
855562470
698393838
741841609
532756799
998959110
991534475
828464458
145651132
554178103
590445679
469682954
788351550
402153436
43676939
196417589
923742519
843218531
763634798
376682377
360703186
374405042
850204200
730201192
944299597
196175870
205499336
139641920
863499480
815948626
986386066
125833935
584682202
428250403
740580792
926384339
438125442
783741267
599659809
93335750
192314995
66757264
854817516
128909983
810028351
153045573
23590931
631321453
567827742
716320005
774164175
826060824
116600659
254386366
306582018
232838491
280898079
141062928
630198222
694675781
799409574
694204163
902304085
564425510
794407879
43063785
878770770
174258356
726346179
430953875
382165946
886031482
12140738
872052884
181850456
690357129
647476209
229003310
401320838
835436372
483376698
719114379
980302319
916080605
797072388
47323995
861748965
914022289
774838004
848285035
230044872
925019157
384862541
237604192
573491931
705387593
301051665
560248644
827045883
365755565
524502003
871218468
815177508
69868073
110060439
432066663
216402470
501184580
948212895
222096977
773653786
837596978
151074115
417363805
553607630
557524942
836749637
632043272
998148715
590769166
403732281
570683622
315456158
266491396
255889638
968942598
267258110
287903226
214367876
635574128
31220971
915638180
503041195
531904666
511833009
959164845
500338781
997419018
490694102
703758266
964806192
675547961
818554734
714522855
697802733
597773419
198192630
931954112
333349319
783497311
619916865
216638136
373150357
26169799
99752962
219653154
904469303
350172813
322032217
771183227
786437927
78625869
249916963
177660144
108281204
277025941
97024684
267339406
382057241
960870898
917693408
138341247
498709128
672775274
907103054
207098958
994859566
118028896
726782096
925448309
469089546
612840728
258111846
844163298
544020398
60643654
445078182
632469390
10599124
69107851
594525176
99807228
251295270
522302259
94403345
79652857
900114558
457822762
14004309
459561376
151331172
440093404
39893651
214947771
246109870
599494796
988489757
396061063
213478063
347224283
909062784
74112576
542190407
239456795
539375602
334353695
336127369
898550944
613605673
248490258
461173524
77224445
783849307
154874201
116550936
163641850
839340340
654561033
226392871
337613732
164856422
862415096
590272017
305333211
182294225
96702673
329727219
165437060
864406360
333477016
916721200
120404902
25256311
145774060
583413187
394708487
758748434
341329579
531369706
233041588
391653138
506064566
939471268
743768737
802747527
756786200
846825565
307724096
532726274
304678746
882459632
327113811
499481393
460507555
766093773
465247979
628260661
617993453
50544653
961183009
411176137
885758068
465539132
631246234
901548877
549979085
505203475
115190627
316346615
406277592
371445002
941930241
626627990
756308374
181968660
777622750
607640336
690436258
594940924
750072572
991754088
800588669
729676049
649831907
819576901
656744991
814450503
452039726
396834040
345378439
169766200
246700404
845161529
932483643
487553797
591504707
795873312
102396497
525691809
992900122
851838047
23149680
650760049
764604286
868249385
893165264
297905632
90627143
499635183
411300276
631763398
362161108
46649624
96739225
54694308
254909666
604838380
393146684
408831706
266255013
385128124
637050053
807148947
259435719
841637504
409667198
174036277
538310504
306038951
271150176
889795066
287343218
551856107
36231671
896527644
772895443
795300130
375278403
781204521
574094365
719989523
83993280
588191091
589708350
988397937
378778584
483871846
678211755
389524263
766368241
755315266
39196534
783868214
620610230
189243722
252203196
331898067
608618702
691833079
894824368
580945425
792703376
276791348
200030785
911294112
593750693
325517462
506607574
302725749
731502446
794057658
551235972
643679934
419990129
297012169
53552417
26021592
923342727
796805864
593495078
627065249
533208544
73254218
969605866
976443339
516316690
161921792
963727297
837185713
99133301
616681605
704721588
267690986
13152779
774734484
270654987
327902658
54895146
158344162
277554587
435691304
39026058
350385241
275710464
692595151
327096377
99308188
213036946
947775778
429567930
69943762
296470823
880482500
306847602
487220940
629931414
643495644
653644900
489732894
457073696
209722146
223001992
219359083
480296038
981687360
768717816
14787869
146864620
110077176
37419833
284181354
36319323
484943481
622187739
140044990
601368623
623835994
496450446
159727379
441164108
359545902
796664163
632997832
23463316
111187799
737146278
455382696
224773228
277724582
276732250
959329801
69249459
128286216
371818822
997753304
952709174
219384282
532132966
578845973
847237989
162430983
573135027
705200915
845595231
377579041
969491519
750588126
697016024
566700452
866354229
639196587
947352734
547970599
305012644
332752069
663826649
821895999
103275436
835722061
497678053
155421004
375026389
663185417
798656006
154038251
628311732
293957862
987392911
761641667
318358325
977243374
854411902
621741868
13899820
994945865
339040891
404147818
123000463
129352558
189891423
701261879
48203422
62048431
95536186
494224238
719116711
639724579
558496612
302604391
880873558
685380639
713429875
774127313
748521237
199754881
864026401
723547605
112278625
752298380
195993395
549621352
661120733
282476257
232122262
516189382
430148357
931218847
371329004
700840750
149936066
174804694
769688422
851639431
679106876
137297423
369215074
832628420
448830022
530595816
180121761
339371511
115550040
547591577
69039757
874034477
572273292
87551870
155231758
995726030
842440537
867466558
210387554
188478520
154406705
708571490
557905971
831678863
926990911
136206009
303153305
553313432
821711793
420568779
383318738
785347453
151625918
210052166
181811654
171725538
152536204
982956847
924572153
483675641
530149155
641891218
4021373
645618100
147095781
854157681
237687071
785901545
587727747
566097306
616868915
569009689
968590538
